Instruire:
A1:
000010000
000010000
000101000
000101000
001000100
001111100
010000010
010000010
010000010
111000111

A2:
000111000
000101000
001000100
001000100
001000100
001111100
010000010
010000010
010000010
111000111

A3:
011111110
110000011
110000011
110000011
110000011
111111111
110000011
110000011
110000011
110000011

A4:
011111110
110000011
110000011
110000011
111111111
110000011
110000011
110000011
110000011
110000011

A5:
000111000
001101100
011000110
011000110
011000110
011111110
110000011
110000011
110000011
111000111

A6:
111000000
110110000
110011000
110001100
110000110
111111111
110000011
110000011
110000011
110000011

A7:
011000000
010100000
010010000
010001000
010000100
111111111
010000010
010000010
010000010
110000011

A8:
011111100
010000010
010000010
010000010
010000010
111111111
010000010
010000010
010000010
110000011

H1:
110000011
110000011
110000011
110000011
111111111
110000011
110000011
110000011
110000011
110000011

H2:
110000011
110000011
110000011
110000011
110000011
111111111
110000011
110000011
110000011
110000011

H3:
110000011
110000010
110000010
110000010
110000010
111111110
110000010
110000010
110000010
110000011

H4:
110000011
110000010
110000010
110000010
111111110
110000010
110000010
110000010
110000010
110000011

B1:
111111110
110000010
110000010
110000010
111111110
110000010
110000010
110000010
110000010
111111110

Z1:
111111111
110000011
000000110
000001100
000011000
001100000
011000000
110000000
110000011
111111111

8:
111111111
110000011
011000110
001101100
000111000
001101100
011000110
110000011
110000011
111111111

X:
110000011
110000011
011000110
001101100
000111000
001101100
011000110
110000011
110000011
110000011

theta:
011111110
110000011
110000011
110000011
111111111
111111111
110000011
110000011
110000011
011111110

theta2:
011111110
110000011
110000011
110000011
111111111
110000011
110000011
110000011
110000011
011111110

R1:
011111100
110000010
110000010
110000010
111111100
110000000
111000000
110110000
110001100
110000011

R2:
011111100
110000011
110000011
110000011
111111100
110000000
111000000
110110000
110001100
110000011

P1:
011111100
110000011
110000011
110000011
111111100
110000000
110000000
110000000
110000000
110000000

P2:
011111100
110000010
110000010
110000010
111111100
110000000
110000000
110000000
110000000
110000000

Testare:

O1:
011111100
110000010
110000010
110000010
110000010
110000010
110000010
110000010
110000010
011111100

G1:
011111110
110000011
110000011
110000000
110000000
110000000
110001111
110000011
110000011
011111110

A:
000111000
001101100
011000110
011000110
011111110
011111110
110000011
110000011
110000011
110000011

A:
000111000
001101100
011000110
011000110
011111110
011111110
110000011
110000011
111000111
110000011

P:
011111100
110000011
110000011
110000011
110000011
111111100
110000000
110000000
110000000
110000000

I1:
110000000
110000000
110000000
110000000
110000000
110000000
110000000
110000000
110000000
110000000

I2:
011000000
011000000
011000000
011000000
011000000
011000000
011000000
011000000
011000000
011000000

I3:
011110000
001100000
001100000
001100000
001100000
001100000
001100000
001100000
001100000
011110000

F1:
111111111
001100001
001100000
011111110
001100000
001100000
001100000
001100000
001100000
011110000
